1
0
5352
8
0
21
0
0
4
8
0
0
0
0
105
0
75
9
0
0
0
3
0
132
0
0
17
1
0
0
0
6
130
1485
0
0
1
0
0
6352
1
6
0
1
0
0
213
0
15
8361
8
0
139
2
0
0
0
1
0
11
0
57
0
0
4
0
0
92
3
0
0
1590
8
0
0
2
0
0
0
51
0
3
1
0
15
20
0
399
7
0
0
0
0
8
0
0
0
684
1
0
0
0
0
22
25
0
9
0
0
0
0
0
0
0
10
0
0
53
0
58
2
104
0
0
40
0
0
0
2
0
0
20
0
105248
0
253
168
0
0
0
7
34
1
0
2
697
0
2
0
0
11
0
0
0
0
2
0
0
227
1
0
0
0
0
0
10
4
0
1
0
49
1
2
8
0
0
0
0
0
188
102
0
13
251
2
0
1876
286
0
0
551
146
0
0
47
34
0
0
0
42
3
0
1984
0
0
105
624
0
73
58
0
12
2414
152
0
0
1716
197
0
0
1
0
405
1
186
1273
0
16
0
3
0
200
0
0
0
0
615
60
0
0
0
0
6
0
0
0
115
0
0
0
0
0
0
0
0
0
1
11
0
0
24
19
0
8
0
57
2
0
4
0
37
0
0
0
0
1
506
0
93
0
0
0
28
0
0
0
0
0
15
0
143
0
0
0
0
56
211
0
77
0
0
0
0
2
37
0
29
0
1
0
7380
0
18
0
4
185
0
0
1
44
102
4
0
0
0
9
242
0
1
44
0
28
0
0
0
73
4692
0
575
4558
1
0
0
0
0
5
0
0
855
0
19
0
0
23
0
0
63206
2
0
16
21
0
20
410
0
0
3
0
0
0
0
0
0
17
32
0
80
46
0
325
0
0
1
0
0
0
0
0
32
2
0
0
0
0
737
0
7
0
6
0
0
126
2
0
41
0
0
0
143
2
0
2
0
0
0
0
0
0
5
82
826
1
0
0
62
0
20
3
0
0
0
5
18
935
0
0
6
37
0
0
1
0
0
87
0
10
0
60
0
18
0
0
30
0
0
482
0
0
1
64
0
0
6
13
0
0
108
19
269
0
7
6
0
0
14
0
27
0
3
0
0
187
4
0
0
0
26
159
0
46
0
14
0
0
3
0
0
0
0
0
0
118
0
0
0
0
0
13
0
960
0
3
337
16
0
10
0
61
5349
1
0
0
0
0
0
0
0
127
3
37168
0
0
1
0
3024
0
0
0
0
77
1
23
0
0
0
9
11
1015
0
0
0
205
0
1
541
158
23
0
0
0
0
5
0
24978
811
3
0
0
0
0
0
0
0
0
0
0
9
9
0
506
0
13
7
2
0
0
0
6733
0
60
0
2
0
1
0
492
553
10
126
0
0
71
0
0
0
16
12
0
2
8
1
16
107
0
8
88
6
0
1
8
25
16
0
2927
23
760
5
38
469
0
3
0
30
0
0
0
0
0
0
0
5
0
25
57
0
0
0
48
0
2
5
0
4
96
0
924
0
143
0
5005
13740
0
3
10942
537
0
